%YAML:1.0
---
R: !!opencv-matrix
   rows: 3
   cols: 3
   dt: d
   data: [ 9.9991841587748009e-01, 7.4737010244922538e-03,
       1.0358831114906495e-02, -7.4914940175529457e-03,
       9.9997052724756663e-01, 1.6799266675864911e-03,
       -1.0345970541984930e-02, -1.7573927335696093e-03,
       9.9994493471606938e-01 ]
T: !!opencv-matrix
   rows: 3
   cols: 1
   dt: d
   data: [ -7.9423195450272752e-02, -8.4697607028055085e-04,
       1.1608449972464726e-04 ]
R1: !!opencv-matrix
   rows: 3
   cols: 3
   dt: d
   data: [ 9.9979573150546297e-01, 1.8138994137620112e-02,
       8.9147156506281730e-03, -1.8146378734207314e-02,
       9.9983506099048680e-01, 7.4816641493509538e-04,
       -8.8996742800441925e-03, -9.0978339461192631e-04,
       9.9995998324527169e-01 ]
R2: !!opencv-matrix
   rows: 3
   cols: 3
   dt: d
   data: [ 9.9994207550094072e-01, 1.0663471858747458e-02,
       -1.4615097633647310e-03, -1.0664679828638989e-02,
       9.9994279345169979e-01, -8.2123575418516801e-04,
       1.4526689310817137e-03, 8.3677471820820361e-04,
       9.9999859477953656e-01 ]
P1: !!opencv-matrix
   rows: 3
   cols: 4
   dt: d
   data: [ 8.5757529162476965e+02, 0., 3.1584276199340820e+02, 0., 0.,
       8.5757529162476965e+02, 2.3956138038635254e+02, 0., 0., 0., 1.,
       0. ]
P2: !!opencv-matrix
   rows: 3
   cols: 4
   dt: d
   data: [ 8.5757529162476965e+02, 0., 3.1584276199340820e+02,
       -6.8115315545569956e+01, 0., 8.5757529162476965e+02,
       2.3956138038635254e+02, 0., 0., 0., 1., 0. ]
Q: !!opencv-matrix
   rows: 4
   cols: 4
   dt: d
   data: [ 1., 0., 0., -3.1584276199340820e+02, 0., 1., 0.,
       -2.3956138038635254e+02, 0., 0., 0., 8.5757529162476965e+02, 0.,
       0., 1.2590050926961375e+01, 0. ]
