%YAML:1.0
---
M1: !!opencv-matrix
   rows: 3
   cols: 3
   dt: d
   data: [ 9.0244995363015198e+02, 0., 3.1909560693202360e+02, 0.,
       9.0250942652215451e+02, 2.3964346086360109e+02, 0., 0., 1. ]
D1: !!opencv-matrix
   rows: 1
   cols: 14
   dt: d
   data: [ -1.9529756853875604e-02, -3.0929072071261371e-01, 0., 0., 0.,
       0., 0., -2.2414780242014616e+00, 0., 0., 0., 0., 0., 0. ]
M2: !!opencv-matrix
   rows: 3
   cols: 3
   dt: d
   data: [ 9.0244995363015198e+02, 0., 3.2004654475782991e+02, 0.,
       9.0250942652215451e+02, 2.3941011909407277e+02, 0., 0., 1. ]
D2: !!opencv-matrix
   rows: 1
   cols: 14
   dt: d
   data: [ -1.0469276648273029e-01, 1.3979882491939044e+00, 0., 0., 0.,
       0., 0., 7.3306488002109740e+00, 0., 0., 0., 0., 0., 0. ]
